## test ##
x <- 10
y <- 20
